-175,85
-175,-85
E
-170,85
-170,-85
E
-165,85
-165,-85
E
-160,85
-160,-85
E
-155,85
-155,-85
E
-150,85
-150,-85
E
-145,85
-145,-85
E
-140,85
-140,-85
E
-135,85
-135,-85
E
-130,85
-130,-85
E
-125,85
-125,-85
E
-120,85
-120,-85
E
-115,85
-115,-85
E
-110,85
-110,-85
E
-105,85
-105,-85
E
-100,85
-100,-85
E
-95,85
-95,-85
E
-90,85
-90,-85
E
-85,85
-85,-85
E
-80,85
-80,-85
E
-75,85
-75,-85
E
-70,85
-70,-85
E
-65,85
-65,-85
E
-60,85
-60,-85
E
-55,85
-55,-85
E
-50,85
-50,-85
E
-45,85
-45,-85
E
-40,85
-40,-85
E
-35,85
-35,-85
E
-30,85
-30,-85
E
-25,85
-25,-85
E
-20,85
-20,-85
E
-15,85
-15,-85
E
-10,85
-10,-85
E
-5,85
-5,-85
E
0,85
0,-85
E
5,85
5,-85
E
10,85
10,-85
E
15,85
15,-85
E
20,85
20,-85
E
25,85
25,-85
E
30,85
30,-85
E
35,85
35,-85
E
40,85
40,-85
E
45,85
45,-85
E
50,85
50,-85
E
55,85
55,-85
E
60,85
60,-85
E
65,85
65,-85
E
70,85
70,-85
E
75,85
75,-85
E
80,85
80,-85
E
85,85
85,-85
E
90,85
90,-85
E
95,85
95,-85
E
100,85
100,-85
E
105,85
105,-85
E
110,85
110,-85
E
115,85
115,-85
E
120,85
120,-85
E
125,85
125,-85
E
130,85
130,-85
E
135,85
135,-85
E
140,85
140,-85
E
145,85
145,-85
E
150,85
150,-85
E
155,85
155,-85
E
160,85
160,-85
E
165,85
165,-85
E
170,85
170,-85
E
175,85
175,-85
E
-175,-85
175,-85
E
-175,-80
175,-80
E
-175,-75
175,-75
E
-175,-70
175,-70
E
-175,-65
175,-65
E
-175,-60
175,-60
E
-175,-55
175,-55
E
-175,-50
175,-50
E
-175,-45
175,-45
E
-175,-40
175,-40
E
-175,-35
175,-35
E
-175,-30
175,-30
E
-175,-25
175,-25
E
-175,-20
175,-20
E
-175,-15
175,-15
E
-175,-10
175,-10
E
-175,-5
175,-5
E
-175,0
175,0
E
-175,5
175,5
E
-175,10
175,10
E
-175,15
175,15
E
-175,20
175,20
E
-175,25
175,25
E
-175,30
175,30
E
-175,35
175,35
E
-175,40
175,40
E
-175,45
175,45
E
-175,50
175,50
E
-175,55
175,55
E
-175,60
175,60
E
-175,65
175,65
E
-175,70
175,70
E
-175,75
175,75
E
-175,80
175,80
E
-175,85
175,85
E